      alt[km]    geometric factor
 5.000000E-01         1.011453E-37
 1.500000E+00         1.677822E-30
 2.500000E+00         3.713735E-25
 3.500000E+00         4.249601E-21
 4.500000E+00         5.973994E-18
 5.500000E+00         1.830583E-15
 6.500000E+00         1.808853E-13
 7.500000E+00         7.584844E-12
 8.500000E+00         1.643382E-10
 9.500000E+00         2.124934E-09
 1.050000E+01         1.825384E-08
 1.150000E+01         1.129800E-07
 1.250000E+01         5.361863E-07
 1.350000E+01         2.047825E-06
 1.450000E+01         6.537807E-06
 1.550000E+01         1.798189E-05
 1.650000E+01         4.365228E-05
 1.750000E+01         9.537706E-05
 1.850000E+01         1.905793E-04
 1.950000E+01         3.528546E-04
 2.050000E+01         6.119480E-04
 2.150000E+01         1.003121E-03
 2.250000E+01         1.566009E-03
 2.350000E+01         2.343149E-03
 2.450000E+01         3.378346E-03
 2.550000E+01         4.715061E-03
 2.650000E+01         6.394931E-03
 2.750000E+01         8.456501E-03
 2.850000E+01         1.093420E-02
 2.950000E+01         1.385755E-02
 3.050000E+01         1.725065E-02
 3.150000E+01         2.113186E-02
 3.250000E+01         2.551361E-02
 3.350000E+01         3.040251E-02
 3.450000E+01         3.579947E-02
 3.550000E+01         4.170000E-02
 3.650000E+01         4.809461E-02
 3.750000E+01         5.496924E-02
 3.850000E+01         6.230581E-02
 3.950000E+01         7.008273E-02
 4.050000E+01         7.827546E-02
 4.150000E+01         8.685709E-02
 4.250000E+01         9.579888E-02
 4.350000E+01         1.050708E-01
 4.450000E+01         1.146418E-01
 4.550000E+01         1.244807E-01
 4.650000E+01         1.345562E-01
 4.750000E+01         1.448373E-01
 4.850000E+01         1.552936E-01
 4.950000E+01         1.658958E-01
 5.050000E+01         1.766154E-01
 5.150000E+01         1.874255E-01
 5.250000E+01         1.983002E-01
 5.350000E+01         2.092154E-01
 5.450000E+01         2.201483E-01
 5.550000E+01         2.310778E-01
 5.650000E+01         2.419844E-01
 5.750000E+01         2.528499E-01
 5.850000E+01         2.636579E-01
 5.950000E+01         2.743935E-01
 6.050000E+01         2.850428E-01
 6.150000E+01         2.955939E-01
 6.250000E+01         3.060357E-01
 6.350000E+01         3.163585E-01
 6.450000E+01         3.265539E-01
 6.550000E+01         3.366144E-01
 6.650000E+01         3.465336E-01
 6.750000E+01         3.563059E-01
 6.850000E+01         3.659269E-01
 6.950000E+01         3.753927E-01
 7.050000E+01         3.847003E-01
 7.150000E+01         3.938473E-01
 7.250000E+01         4.028318E-01
 7.350000E+01         4.116528E-01
 7.450000E+01         4.203095E-01
 7.550000E+01         4.288016E-01
 7.650000E+01         4.371295E-01
 7.750000E+01         4.452935E-01
 7.850000E+01         4.532945E-01
 7.950000E+01         4.611338E-01
 8.050000E+01         4.688128E-01
 8.150000E+01         4.763330E-01
 8.250000E+01         4.836964E-01
 8.350000E+01         4.909049E-01
 8.450000E+01         4.979607E-01
 8.550000E+01         5.048661E-01
 8.650000E+01         5.116235E-01
 8.750000E+01         5.182354E-01
 8.850000E+01         5.247043E-01
 8.950000E+01         5.310329E-01
 9.050000E+01         5.372237E-01
 9.150000E+01         5.432795E-01
 9.250000E+01         5.492030E-01
 9.350000E+01         5.549969E-01
 9.450000E+01         5.606639E-01
 9.550000E+01         5.662067E-01
 9.650000E+01         5.716281E-01
 9.750000E+01         5.769306E-01
 9.850000E+01         5.821170E-01
 9.950000E+01         5.871900E-01
 1.005000E+02         5.921521E-01
 1.015000E+02         5.970058E-01
 1.025000E+02         6.017538E-01
 1.035000E+02         6.063985E-01
 1.045000E+02         6.109424E-01
 1.055000E+02         6.153878E-01
 1.065000E+02         6.197372E-01
 1.075000E+02         6.239929E-01
 1.085000E+02         6.281571E-01
 1.095000E+02         6.322321E-01
 1.105000E+02         6.362200E-01
 1.115000E+02         6.401230E-01
 1.125000E+02         6.439431E-01
 1.135000E+02         6.476825E-01
 1.145000E+02         6.513431E-01
 1.155000E+02         6.549267E-01
 1.165000E+02         6.584354E-01
 1.175000E+02         6.618710E-01
 1.185000E+02         6.652352E-01
 1.195000E+02         6.685299E-01
 1.205000E+02         6.717567E-01
 1.215000E+02         6.749174E-01
 1.225000E+02         6.780135E-01
 1.235000E+02         6.810466E-01
 1.245000E+02         6.840182E-01
 1.255000E+02         6.869300E-01
 1.265000E+02         6.897833E-01
 1.275000E+02         6.925796E-01
 1.285000E+02         6.953202E-01
 1.295000E+02         6.980066E-01
 1.305000E+02         7.006399E-01
 1.315000E+02         7.032216E-01
 1.325000E+02         7.057528E-01
 1.335000E+02         7.082348E-01
 1.345000E+02         7.106687E-01
 1.355000E+02         7.130558E-01
 1.365000E+02         7.153970E-01
 1.375000E+02         7.176935E-01
 1.385000E+02         7.199464E-01
 1.395000E+02         7.221567E-01
 1.405000E+02         7.243253E-01
 1.415000E+02         7.264534E-01
 1.425000E+02         7.285417E-01
 1.435000E+02         7.305913E-01
 1.445000E+02         7.326030E-01
 1.455000E+02         7.345777E-01
 1.465000E+02         7.365163E-01
 1.475000E+02         7.384196E-01
 1.485000E+02         7.402884E-01
 1.495000E+02         7.421234E-01
 1.505000E+02         7.439255E-01
 1.515000E+02         7.456954E-01
 1.525000E+02         7.474339E-01
 1.535000E+02         7.491415E-01
 1.545000E+02         7.508191E-01
 1.555000E+02         7.524672E-01
 1.565000E+02         7.540865E-01
 1.575000E+02         7.556778E-01
 1.585000E+02         7.572414E-01
 1.595000E+02         7.587782E-01
 1.605000E+02         7.602887E-01
 1.615000E+02         7.617734E-01
 1.625000E+02         7.632329E-01
 1.635000E+02         7.646677E-01
 1.645000E+02         7.660784E-01
 1.655000E+02         7.674654E-01
 1.665000E+02         7.688294E-01
 1.675000E+02         7.701707E-01
 1.685000E+02         7.714899E-01
 1.695000E+02         7.727874E-01
 1.705000E+02         7.740636E-01
 1.715000E+02         7.753191E-01
 1.725000E+02         7.765542E-01
 1.735000E+02         7.777693E-01
 1.745000E+02         7.789649E-01
 1.755000E+02         7.801414E-01
 1.765000E+02         7.812991E-01
 1.775000E+02         7.824385E-01
 1.785000E+02         7.835599E-01
 1.795000E+02         7.846636E-01
 1.805000E+02         7.857501E-01
 1.815000E+02         7.868196E-01
 1.825000E+02         7.878726E-01
 1.835000E+02         7.889092E-01
 1.845000E+02         7.899299E-01
 1.855000E+02         7.909350E-01
 1.865000E+02         7.919247E-01
 1.875000E+02         7.928994E-01
 1.885000E+02         7.938594E-01
 1.895000E+02         7.948049E-01
 1.905000E+02         7.957362E-01
 1.915000E+02         7.966536E-01
 1.925000E+02         7.975573E-01
 1.935000E+02         7.984477E-01
 1.945000E+02         7.993249E-01
 1.955000E+02         8.001893E-01
 1.965000E+02         8.010410E-01
 1.975000E+02         8.018802E-01
 1.985000E+02         8.027073E-01
 1.995000E+02         8.035225E-01
 2.005000E+02         8.043259E-01
 2.015000E+02         8.051178E-01
 2.025000E+02         8.058983E-01
 2.035000E+02         8.066678E-01
 2.045000E+02         8.074264E-01
 2.055000E+02         8.081742E-01
 2.065000E+02         8.089116E-01
 2.075000E+02         8.096386E-01
 2.085000E+02         8.103555E-01
 2.095000E+02         8.110624E-01
 2.105000E+02         8.117595E-01
 2.115000E+02         8.124470E-01
 2.125000E+02         8.131251E-01
 2.135000E+02         8.137938E-01
 2.145000E+02         8.144535E-01
 2.155000E+02         8.151042E-01
 2.165000E+02         8.157461E-01
 2.175000E+02         8.163794E-01
 2.185000E+02         8.170041E-01
 2.195000E+02         8.176205E-01
 2.205000E+02         8.182286E-01
 2.215000E+02         8.188287E-01
 2.225000E+02         8.194209E-01
 2.235000E+02         8.200052E-01
 2.245000E+02         8.205818E-01
 2.255000E+02         8.211509E-01
 2.265000E+02         8.217126E-01
 2.275000E+02         8.222670E-01
 2.285000E+02         8.228142E-01
 2.295000E+02         8.233543E-01
 2.305000E+02         8.238875E-01
 2.315000E+02         8.244138E-01
 2.325000E+02         8.249334E-01
 2.335000E+02         8.254465E-01
 2.345000E+02         8.259530E-01
 2.355000E+02         8.264530E-01
 2.365000E+02         8.269468E-01
 2.375000E+02         8.274344E-01
 2.385000E+02         8.279159E-01
 2.395000E+02         8.283914E-01
 2.405000E+02         8.288610E-01
 2.415000E+02         8.293248E-01
 2.425000E+02         8.297828E-01
 2.435000E+02         8.302352E-01
 2.445000E+02         8.306820E-01
 2.455000E+02         8.311234E-01
 2.465000E+02         8.315594E-01
 2.475000E+02         8.319901E-01
 2.485000E+02         8.324156E-01
 2.495000E+02         8.328360E-01
 2.505000E+02         8.332513E-01
 2.515000E+02         8.336616E-01
 2.525000E+02         8.340671E-01
 2.535000E+02         8.344677E-01
 2.545000E+02         8.348635E-01
 2.555000E+02         8.352546E-01
 2.565000E+02         8.356412E-01
 2.575000E+02         8.360231E-01
 2.585000E+02         8.364006E-01
 2.595000E+02         8.367737E-01
 2.605000E+02         8.371425E-01
 2.615000E+02         8.375069E-01
 2.625000E+02         8.378672E-01
 2.635000E+02         8.382232E-01
 2.645000E+02         8.385752E-01
 2.655000E+02         8.389231E-01
 2.665000E+02         8.392671E-01
 2.675000E+02         8.396071E-01
 2.685000E+02         8.399432E-01
 2.695000E+02         8.402756E-01
 2.705000E+02         8.406041E-01
 2.715000E+02         8.409290E-01
 2.725000E+02         8.412502E-01
 2.735000E+02         8.415678E-01
 2.745000E+02         8.418819E-01
 2.755000E+02         8.421925E-01
 2.765000E+02         8.424996E-01
 2.775000E+02         8.428033E-01
 2.785000E+02         8.431036E-01
 2.795000E+02         8.434007E-01
 2.805000E+02         8.436944E-01
 2.815000E+02         8.439850E-01
 2.825000E+02         8.442723E-01
 2.835000E+02         8.445566E-01
 2.845000E+02         8.448377E-01
 2.855000E+02         8.451158E-01
 2.865000E+02         8.453909E-01
 2.875000E+02         8.456630E-01
 2.885000E+02         8.459322E-01
 2.895000E+02         8.461986E-01
 2.905000E+02         8.464620E-01
 2.915000E+02         8.467227E-01
 2.925000E+02         8.469806E-01
 2.935000E+02         8.472357E-01
 2.945000E+02         8.474882E-01
 2.955000E+02         8.477379E-01
 2.965000E+02         8.479851E-01
 2.975000E+02         8.482297E-01
 2.985000E+02         8.484717E-01
 2.995000E+02         8.487111E-01
 3.005000E+02         8.489481E-01
 3.015000E+02         8.491826E-01
 3.025000E+02         8.494147E-01
 3.035000E+02         8.496444E-01
 3.045000E+02         8.498717E-01
 3.055000E+02         8.500967E-01
 3.065000E+02         8.503193E-01
 3.075000E+02         8.505397E-01
 3.085000E+02         8.507579E-01
 3.095000E+02         8.509738E-01
 3.105000E+02         8.511875E-01
 3.115000E+02         8.513991E-01
 3.125000E+02         8.516085E-01
 3.135000E+02         8.518158E-01
 3.145000E+02         8.520210E-01
 3.155000E+02         8.522242E-01
 3.165000E+02         8.524253E-01
 3.175000E+02         8.526245E-01
 3.185000E+02         8.528216E-01
 3.195000E+02         8.530168E-01
 3.205000E+02         8.532100E-01
 3.215000E+02         8.534014E-01
 3.225000E+02         8.535908E-01
 3.235000E+02         8.537784E-01
 3.245000E+02         8.539641E-01
 3.255000E+02         8.541480E-01
 3.265000E+02         8.543302E-01
 3.275000E+02         8.545105E-01
 3.285000E+02         8.546891E-01
 3.295000E+02         8.548659E-01
 3.305000E+02         8.550411E-01
 3.315000E+02         8.552145E-01
 3.325000E+02         8.553863E-01
 3.335000E+02         8.555564E-01
 3.345000E+02         8.557249E-01
 3.355000E+02         8.558918E-01
 3.365000E+02         8.560571E-01
 3.375000E+02         8.562208E-01
 3.385000E+02         8.563829E-01
 3.395000E+02         8.565435E-01
 3.405000E+02         8.567026E-01
 3.415000E+02         8.568602E-01
 3.425000E+02         8.570163E-01
 3.435000E+02         8.571709E-01
 3.445000E+02         8.573241E-01
 3.455000E+02         8.574758E-01
 3.465000E+02         8.576261E-01
 3.475000E+02         8.577750E-01
 3.485000E+02         8.579226E-01
 3.495000E+02         8.580687E-01
 3.505000E+02         8.582135E-01
 3.515000E+02         8.583570E-01
 3.525000E+02         8.584991E-01
 3.535000E+02         8.586399E-01
 3.545000E+02         8.587795E-01
 3.555000E+02         8.589177E-01
 3.565000E+02         8.590547E-01
 3.575000E+02         8.591904E-01
 3.585000E+02         8.593249E-01
 3.595000E+02         8.594582E-01
 3.605000E+02         8.595902E-01
 3.615000E+02         8.597211E-01
 3.625000E+02         8.598508E-01
 3.635000E+02         8.599793E-01
 3.645000E+02         8.601066E-01
 3.655000E+02         8.602328E-01
 3.665000E+02         8.603579E-01
 3.675000E+02         8.604818E-01
 3.685000E+02         8.606046E-01
 3.695000E+02         8.607264E-01
 3.705000E+02         8.608470E-01
 3.715000E+02         8.609666E-01
 3.725000E+02         8.610851E-01
 3.735000E+02         8.612026E-01
 3.745000E+02         8.613190E-01
 3.755000E+02         8.614344E-01
 3.765000E+02         8.615488E-01
 3.775000E+02         8.616622E-01
 3.785000E+02         8.617746E-01
 3.795000E+02         8.618860E-01
 3.805000E+02         8.619964E-01
 3.815000E+02         8.621059E-01
 3.825000E+02         8.622144E-01
 3.835000E+02         8.623220E-01
 3.845000E+02         8.624286E-01
 3.855000E+02         8.625343E-01
 3.865000E+02         8.626391E-01
 3.875000E+02         8.627430E-01
 3.885000E+02         8.628460E-01
 3.895000E+02         8.629481E-01
 3.905000E+02         8.630493E-01
 3.915000E+02         8.631497E-01
 3.925000E+02         8.632492E-01
 3.935000E+02         8.633478E-01
 3.945000E+02         8.634456E-01
 3.955000E+02         8.635426E-01
 3.965000E+02         8.636388E-01
 3.975000E+02         8.637341E-01
 3.985000E+02         8.638286E-01
 3.995000E+02         8.639224E-01
 4.005000E+02         8.640153E-01
 4.015000E+02         8.641075E-01
 4.025000E+02         8.641989E-01
 4.035000E+02         8.642895E-01
 4.045000E+02         8.643793E-01
 4.055000E+02         8.644684E-01
 4.065000E+02         8.645568E-01
 4.075000E+02         8.646444E-01
 4.085000E+02         8.647313E-01
 4.095000E+02         8.648175E-01
 4.105000E+02         8.649029E-01
 4.115000E+02         8.649877E-01
 4.125000E+02         8.650717E-01
 4.135000E+02         8.651551E-01
 4.145000E+02         8.652377E-01
 4.155000E+02         8.653197E-01
 4.165000E+02         8.654010E-01
 4.175000E+02         8.654817E-01
 4.185000E+02         8.655616E-01
 4.195000E+02         8.656410E-01
 4.205000E+02         8.657196E-01
 4.215000E+02         8.657977E-01
 4.225000E+02         8.658751E-01
 4.235000E+02         8.659518E-01
 4.245000E+02         8.660280E-01
 4.255000E+02         8.661035E-01
 4.265000E+02         8.661784E-01
 4.275000E+02         8.662528E-01
 4.285000E+02         8.663265E-01
 4.295000E+02         8.663996E-01
 4.305000E+02         8.664721E-01
 4.315000E+02         8.665441E-01
 4.325000E+02         8.666154E-01
 4.335000E+02         8.666862E-01
 4.345000E+02         8.667565E-01
 4.355000E+02         8.668261E-01
 4.365000E+02         8.668952E-01
 4.375000E+02         8.669638E-01
 4.385000E+02         8.670318E-01
 4.395000E+02         8.670993E-01
 4.405000E+02         8.671662E-01
 4.415000E+02         8.672327E-01
 4.425000E+02         8.672986E-01
 4.435000E+02         8.673639E-01
 4.445000E+02         8.674288E-01
 4.455000E+02         8.674931E-01
 4.465000E+02         8.675569E-01
 4.475000E+02         8.676203E-01
 4.485000E+02         8.676831E-01
 4.495000E+02         8.677455E-01
 4.505000E+02         8.678073E-01
 4.515000E+02         8.678687E-01
 4.525000E+02         8.679296E-01
 4.535000E+02         8.679900E-01
 4.545000E+02         8.680500E-01
 4.555000E+02         8.681094E-01
 4.565000E+02         8.681685E-01
 4.575000E+02         8.682270E-01
 4.585000E+02         8.682852E-01
 4.595000E+02         8.683428E-01
 4.605000E+02         8.684000E-01
 4.615000E+02         8.684568E-01
 4.625000E+02         8.685132E-01
 4.635000E+02         8.685691E-01
 4.645000E+02         8.686245E-01
 4.655000E+02         8.686796E-01
 4.665000E+02         8.687342E-01
 4.675000E+02         8.687884E-01
 4.685000E+02         8.688422E-01
 4.695000E+02         8.688956E-01
 4.705000E+02         8.689486E-01
 4.715000E+02         8.690012E-01
 4.725000E+02         8.690534E-01
 4.735000E+02         8.691051E-01
 4.745000E+02         8.691565E-01
 4.755000E+02         8.692075E-01
 4.765000E+02         8.692582E-01
 4.775000E+02         8.693084E-01
 4.785000E+02         8.693582E-01
 4.795000E+02         8.694077E-01
 4.805000E+02         8.694568E-01
 4.815000E+02         8.695056E-01
 4.825000E+02         8.695539E-01
 4.835000E+02         8.696019E-01
 4.845000E+02         8.696496E-01
 4.855000E+02         8.696969E-01
 4.865000E+02         8.697438E-01
 4.875000E+02         8.697904E-01
 4.885000E+02         8.698366E-01
 4.895000E+02         8.698825E-01
 4.905000E+02         8.699281E-01
 4.915000E+02         8.699733E-01
 4.925000E+02         8.700182E-01
 4.935000E+02         8.700627E-01
 4.945000E+02         8.701069E-01
 4.955000E+02         8.701508E-01
 4.965000E+02         8.701944E-01
 4.975000E+02         8.702376E-01
 4.985000E+02         8.702805E-01
 4.995000E+02         8.703231E-01
 5.005000E+02         8.703654E-01
 5.015000E+02         8.704074E-01
 5.025000E+02         8.704491E-01
 5.035000E+02         8.704904E-01
 5.045000E+02         8.705315E-01
 5.055000E+02         8.705723E-01
 5.065000E+02         8.706127E-01
 5.075000E+02         8.706529E-01
 5.085000E+02         8.706928E-01
 5.095000E+02         8.707323E-01
 5.105000E+02         8.707716E-01
 5.115000E+02         8.708106E-01
 5.125000E+02         8.708494E-01
 5.135000E+02         8.708878E-01
 5.145000E+02         8.709260E-01
 5.155000E+02         8.709639E-01
 5.165000E+02         8.710015E-01
 5.175000E+02         8.710388E-01
 5.185000E+02         8.710759E-01
 5.195000E+02         8.711127E-01
 5.205000E+02         8.711492E-01
 5.215000E+02         8.711855E-01
 5.225000E+02         8.712215E-01
 5.235000E+02         8.712573E-01
 5.245000E+02         8.712928E-01
 5.255000E+02         8.713280E-01
 5.265000E+02         8.713630E-01
 5.275000E+02         8.713977E-01
 5.285000E+02         8.714322E-01
 5.295000E+02         8.714665E-01
 5.305000E+02         8.715004E-01
 5.315000E+02         8.715342E-01
 5.325000E+02         8.715677E-01
 5.335000E+02         8.716010E-01
 5.345000E+02         8.716340E-01
 5.355000E+02         8.716668E-01
 5.365000E+02         8.716994E-01
 5.375000E+02         8.717317E-01
 5.385000E+02         8.717638E-01
 5.395000E+02         8.717957E-01
 5.405000E+02         8.718274E-01
 5.415000E+02         8.718588E-01
 5.425000E+02         8.718900E-01
 5.435000E+02         8.719210E-01
 5.445000E+02         8.719517E-01
 5.455000E+02         8.719823E-01
 5.465000E+02         8.720126E-01
 5.475000E+02         8.720427E-01
 5.485000E+02         8.720726E-01
 5.495000E+02         8.721023E-01
 5.505000E+02         8.721318E-01
 5.515000E+02         8.721611E-01
 5.525000E+02         8.721902E-01
 5.535000E+02         8.722190E-01
 5.545000E+02         8.722477E-01
 5.555000E+02         8.722762E-01
 5.565000E+02         8.723044E-01
 5.575000E+02         8.723325E-01
 5.585000E+02         8.723604E-01
 5.595000E+02         8.723881E-01
 5.605000E+02         8.724155E-01
 5.615000E+02         8.724428E-01
 5.625000E+02         8.724699E-01
 5.635000E+02         8.724969E-01
 5.645000E+02         8.725236E-01
 5.655000E+02         8.725501E-01
 5.665000E+02         8.725765E-01
 5.675000E+02         8.726026E-01
 5.685000E+02         8.726286E-01
 5.695000E+02         8.726544E-01
 5.705000E+02         8.726801E-01
 5.715000E+02         8.727055E-01
 5.725000E+02         8.727308E-01
 5.735000E+02         8.727559E-01
 5.745000E+02         8.727808E-01
 5.755000E+02         8.728056E-01
 5.765000E+02         8.728302E-01
 5.775000E+02         8.728546E-01
 5.785000E+02         8.728788E-01
 5.795000E+02         8.729029E-01
 5.805000E+02         8.729268E-01
 5.815000E+02         8.729506E-01
 5.825000E+02         8.729742E-01
 5.835000E+02         8.729976E-01
 5.845000E+02         8.730208E-01
 5.855000E+02         8.730439E-01
 5.865000E+02         8.730669E-01
 5.875000E+02         8.730897E-01
 5.885000E+02         8.731123E-01
 5.895000E+02         8.731348E-01
 5.905000E+02         8.731571E-01
 5.915000E+02         8.731793E-01
 5.925000E+02         8.732013E-01
 5.935000E+02         8.732231E-01
 5.945000E+02         8.732449E-01
 5.955000E+02         8.732664E-01
 5.965000E+02         8.732878E-01
 5.975000E+02         8.733091E-01
 5.985000E+02         8.733302E-01
 5.995000E+02         8.733512E-01
 6.005000E+02         8.733721E-01
 6.015000E+02         8.733928E-01
 6.025000E+02         8.734133E-01
 6.035000E+02         8.734337E-01
 6.045000E+02         8.734540E-01
 6.055000E+02         8.734742E-01
 6.065000E+02         8.734942E-01
 6.075000E+02         8.735140E-01
 6.085000E+02         8.735338E-01
 6.095000E+02         8.735534E-01
 6.105000E+02         8.735728E-01
 6.115000E+02         8.735921E-01
 6.125000E+02         8.736114E-01
 6.135000E+02         8.736304E-01
 6.145000E+02         8.736494E-01
 6.155000E+02         8.736682E-01
 6.165000E+02         8.736869E-01
 6.175000E+02         8.737054E-01
 6.185000E+02         8.737239E-01
 6.195000E+02         8.737422E-01
 6.205000E+02         8.737604E-01
 6.215000E+02         8.737784E-01
 6.225000E+02         8.737964E-01
 6.235000E+02         8.738142E-01
 6.245000E+02         8.738319E-01
 6.255000E+02         8.738495E-01
 6.265000E+02         8.738669E-01
 6.275000E+02         8.738843E-01
 6.285000E+02         8.739015E-01
 6.295000E+02         8.739186E-01
 6.305000E+02         8.739356E-01
 6.315000E+02         8.739525E-01
 6.325000E+02         8.739692E-01
 6.335000E+02         8.739859E-01
 6.345000E+02         8.740024E-01
 6.355000E+02         8.740189E-01
 6.365000E+02         8.740352E-01
 6.375000E+02         8.740514E-01
 6.385000E+02         8.740675E-01
 6.395000E+02         8.740835E-01
 6.405000E+02         8.740994E-01
 6.415000E+02         8.741151E-01
 6.425000E+02         8.741308E-01
 6.435000E+02         8.741464E-01
 6.445000E+02         8.741618E-01
 6.455000E+02         8.741772E-01
 6.465000E+02         8.741925E-01
 6.475000E+02         8.742076E-01
 6.485000E+02         8.742227E-01
 6.495000E+02         8.742376E-01
 6.505000E+02         8.742525E-01
 6.515000E+02         8.742672E-01
 6.525000E+02         8.742819E-01
 6.535000E+02         8.742964E-01
 6.545000E+02         8.743109E-01
 6.555000E+02         8.743252E-01
 6.565000E+02         8.743395E-01
 6.575000E+02         8.743537E-01
 6.585000E+02         8.743677E-01
 6.595000E+02         8.743817E-01
 6.605000E+02         8.743956E-01
 6.615000E+02         8.744094E-01
 6.625000E+02         8.744231E-01
 6.635000E+02         8.744367E-01
 6.645000E+02         8.744502E-01
 6.655000E+02         8.744636E-01
 6.665000E+02         8.744770E-01
 6.675000E+02         8.744902E-01
 6.685000E+02         8.745034E-01
 6.695000E+02         8.745164E-01
 6.705000E+02         8.745294E-01
 6.715000E+02         8.745423E-01
 6.725000E+02         8.745551E-01
 6.735000E+02         8.745678E-01
 6.745000E+02         8.745805E-01
 6.755000E+02         8.745930E-01
 6.765000E+02         8.746055E-01
 6.775000E+02         8.746179E-01
 6.785000E+02         8.746302E-01
 6.795000E+02         8.746424E-01
 6.805000E+02         8.746545E-01
 6.815000E+02         8.746666E-01
 6.825000E+02         8.746786E-01
 6.835000E+02         8.746905E-01
 6.845000E+02         8.747023E-01
 6.855000E+02         8.747140E-01
 6.865000E+02         8.747257E-01
 6.875000E+02         8.747373E-01
 6.885000E+02         8.747488E-01
 6.895000E+02         8.747602E-01
 6.905000E+02         8.747715E-01
 6.915000E+02         8.747828E-01
 6.925000E+02         8.747940E-01
 6.935000E+02         8.748051E-01
 6.945000E+02         8.748162E-01
 6.955000E+02         8.748271E-01
 6.965000E+02         8.748380E-01
 6.975000E+02         8.748489E-01
 6.985000E+02         8.748596E-01
 6.995000E+02         8.748703E-01
 7.005000E+02         8.748809E-01
 7.015000E+02         8.748914E-01
 7.025000E+02         8.749019E-01
 7.035000E+02         8.749123E-01
 7.045000E+02         8.749226E-01
 7.055000E+02         8.749329E-01
 7.065000E+02         8.749431E-01
 7.075000E+02         8.749532E-01
 7.085000E+02         8.749633E-01
 7.095000E+02         8.749732E-01
 7.105000E+02         8.749832E-01
 7.115000E+02         8.749930E-01
 7.125000E+02         8.750028E-01
 7.135000E+02         8.750125E-01
 7.145000E+02         8.750222E-01
 7.155000E+02         8.750318E-01
 7.165000E+02         8.750413E-01
 7.175000E+02         8.750507E-01
 7.185000E+02         8.750601E-01
 7.195000E+02         8.750695E-01
 7.205000E+02         8.750787E-01
 7.215000E+02         8.750880E-01
 7.225000E+02         8.750971E-01
 7.235000E+02         8.751062E-01
 7.245000E+02         8.751152E-01
 7.255000E+02         8.751242E-01
 7.265000E+02         8.751331E-01
 7.275000E+02         8.751419E-01
 7.285000E+02         8.751507E-01
 7.295000E+02         8.751594E-01
 7.305000E+02         8.751681E-01
 7.315000E+02         8.751767E-01
 7.325000E+02         8.751852E-01
 7.335000E+02         8.751937E-01
 7.345000E+02         8.752021E-01
 7.355000E+02         8.752105E-01
 7.365000E+02         8.752188E-01
 7.375000E+02         8.752271E-01
 7.385000E+02         8.752353E-01
 7.395000E+02         8.752434E-01
 7.405000E+02         8.752515E-01
 7.415000E+02         8.752596E-01
 7.425000E+02         8.752675E-01
 7.435000E+02         8.752755E-01
 7.445000E+02         8.752833E-01
 7.455000E+02         8.752912E-01
 7.465000E+02         8.752989E-01
 7.475000E+02         8.753066E-01
 7.485000E+02         8.753143E-01
 7.495000E+02         8.753219E-01
 7.505000E+02         8.753295E-01
 7.515000E+02         8.753370E-01
 7.525000E+02         8.753444E-01
 7.535000E+02         8.753518E-01
 7.545000E+02         8.753592E-01
 7.555000E+02         8.753665E-01
 7.565000E+02         8.753737E-01
 7.575000E+02         8.753809E-01
 7.585000E+02         8.753881E-01
 7.595000E+02         8.753952E-01
 7.605000E+02         8.754022E-01
 7.615000E+02         8.754092E-01
 7.625000E+02         8.754162E-01
 7.635000E+02         8.754231E-01
 7.645000E+02         8.754300E-01
 7.655000E+02         8.754368E-01
 7.665000E+02         8.754435E-01
 7.675000E+02         8.754503E-01
 7.685000E+02         8.754569E-01
 7.695000E+02         8.754636E-01
 7.705000E+02         8.754701E-01
 7.715000E+02         8.754767E-01
 7.725000E+02         8.754832E-01
 7.735000E+02         8.754896E-01
 7.745000E+02         8.754960E-01
 7.755000E+02         8.755024E-01
 7.765000E+02         8.755087E-01
 7.775000E+02         8.755149E-01
 7.785000E+02         8.755211E-01
 7.795000E+02         8.755273E-01
 7.805000E+02         8.755335E-01
 7.815000E+02         8.755396E-01
 7.825000E+02         8.755456E-01
 7.835000E+02         8.755516E-01
 7.845000E+02         8.755576E-01
 7.855000E+02         8.755635E-01
 7.865000E+02         8.755694E-01
 7.875000E+02         8.755752E-01
 7.885000E+02         8.755810E-01
 7.895000E+02         8.755868E-01
 7.905000E+02         8.755925E-01
 7.915000E+02         8.755982E-01
 7.925000E+02         8.756038E-01
 7.935000E+02         8.756094E-01
 7.945000E+02         8.756150E-01
 7.955000E+02         8.756205E-01
 7.965000E+02         8.756260E-01
 7.975000E+02         8.756314E-01
 7.985000E+02         8.756368E-01
 7.995000E+02         8.756422E-01
 8.005000E+02         8.756475E-01
 8.015000E+02         8.756528E-01
 8.025000E+02         8.756580E-01
 8.035000E+02         8.756632E-01
 8.045000E+02         8.756684E-01
 8.055000E+02         8.756735E-01
 8.065000E+02         8.756786E-01
 8.075000E+02         8.756837E-01
 8.085000E+02         8.756887E-01
 8.095000E+02         8.756937E-01
 8.105000E+02         8.756987E-01
 8.115000E+02         8.757036E-01
 8.125000E+02         8.757084E-01
 8.135000E+02         8.757133E-01
 8.145000E+02         8.757181E-01
 8.155000E+02         8.757229E-01
 8.165000E+02         8.757276E-01
 8.175000E+02         8.757323E-01
 8.185000E+02         8.757370E-01
 8.195000E+02         8.757416E-01
 8.205000E+02         8.757462E-01
 8.215000E+02         8.757508E-01
 8.225000E+02         8.757553E-01
 8.235000E+02         8.757598E-01
 8.245000E+02         8.757643E-01
 8.255000E+02         8.757688E-01
 8.265000E+02         8.757732E-01
 8.275000E+02         8.757775E-01
 8.285000E+02         8.757819E-01
 8.295000E+02         8.757862E-01
 8.305000E+02         8.757904E-01
 8.315000E+02         8.757947E-01
 8.325000E+02         8.757989E-01
 8.335000E+02         8.758031E-01
 8.345000E+02         8.758072E-01
 8.355000E+02         8.758113E-01
 8.365000E+02         8.758154E-01
 8.375000E+02         8.758195E-01
 8.385000E+02         8.758235E-01
 8.395000E+02         8.758275E-01
 8.405000E+02         8.758315E-01
 8.415000E+02         8.758354E-01
 8.425000E+02         8.758393E-01
 8.435000E+02         8.758432E-01
 8.445000E+02         8.758470E-01
 8.455000E+02         8.758508E-01
 8.465000E+02         8.758546E-01
 8.475000E+02         8.758584E-01
 8.485000E+02         8.758621E-01
 8.495000E+02         8.758658E-01
 8.505000E+02         8.758695E-01
 8.515000E+02         8.758731E-01
 8.525000E+02         8.758767E-01
 8.535000E+02         8.758803E-01
 8.545000E+02         8.758839E-01
 8.555000E+02         8.758874E-01
 8.565000E+02         8.758909E-01
 8.575000E+02         8.758944E-01
 8.585000E+02         8.758978E-01
 8.595000E+02         8.759013E-01
 8.605000E+02         8.759046E-01
 8.615000E+02         8.759080E-01
 8.625000E+02         8.759114E-01
 8.635000E+02         8.759147E-01
 8.645000E+02         8.759180E-01
 8.655000E+02         8.759212E-01
 8.665000E+02         8.759245E-01
 8.675000E+02         8.759277E-01
 8.685000E+02         8.759309E-01
 8.695000E+02         8.759340E-01
 8.705000E+02         8.759371E-01
 8.715000E+02         8.759403E-01
 8.725000E+02         8.759433E-01
 8.735000E+02         8.759464E-01
 8.745000E+02         8.759494E-01
 8.755000E+02         8.759524E-01
 8.765000E+02         8.759554E-01
 8.775000E+02         8.759584E-01
 8.785000E+02         8.759613E-01
 8.795000E+02         8.759642E-01
 8.805000E+02         8.759671E-01
 8.815000E+02         8.759700E-01
 8.825000E+02         8.759728E-01
 8.835000E+02         8.759756E-01
 8.845000E+02         8.759784E-01
 8.855000E+02         8.759812E-01
 8.865000E+02         8.759840E-01
 8.875000E+02         8.759867E-01
 8.885000E+02         8.759894E-01
 8.895000E+02         8.759921E-01
 8.905000E+02         8.759947E-01
 8.915000E+02         8.759973E-01
 8.925000E+02         8.760000E-01
 8.935000E+02         8.760025E-01
 8.945000E+02         8.760051E-01
 8.955000E+02         8.760077E-01
 8.965000E+02         8.760102E-01
 8.975000E+02         8.760127E-01
 8.985000E+02         8.760152E-01
 8.995000E+02         8.760176E-01
 9.005000E+02         8.760201E-01
 9.015000E+02         8.760225E-01
 9.025000E+02         8.760249E-01
 9.035000E+02         8.760272E-01
 9.045000E+02         8.760296E-01
 9.055000E+02         8.760319E-01
 9.065000E+02         8.760342E-01
 9.075000E+02         8.760365E-01
 9.085000E+02         8.760388E-01
 9.095000E+02         8.760410E-01
 9.105000E+02         8.760433E-01
 9.115000E+02         8.760455E-01
 9.125000E+02         8.760477E-01
 9.135000E+02         8.760498E-01
 9.145000E+02         8.760520E-01
 9.155000E+02         8.760541E-01
 9.165000E+02         8.760562E-01
 9.175000E+02         8.760583E-01
 9.185000E+02         8.760604E-01
 9.195000E+02         8.760624E-01
 9.205000E+02         8.760645E-01
 9.215000E+02         8.760665E-01
 9.225000E+02         8.760685E-01
 9.235000E+02         8.760704E-01
 9.245000E+02         8.760724E-01
 9.255000E+02         8.760743E-01
 9.265000E+02         8.760763E-01
 9.275000E+02         8.760782E-01
 9.285000E+02         8.760800E-01
 9.295000E+02         8.760819E-01
 9.305000E+02         8.760837E-01
 9.315000E+02         8.760856E-01
 9.325000E+02         8.760874E-01
 9.335000E+02         8.760892E-01
 9.345000E+02         8.760910E-01
 9.355000E+02         8.760927E-01
 9.365000E+02         8.760945E-01
 9.375000E+02         8.760962E-01
 9.385000E+02         8.760979E-01
 9.395000E+02         8.760996E-01
 9.405000E+02         8.761012E-01
 9.415000E+02         8.761029E-01
 9.425000E+02         8.761045E-01
 9.435000E+02         8.761062E-01
 9.445000E+02         8.761078E-01
 9.455000E+02         8.761093E-01
 9.465000E+02         8.761109E-01
 9.475000E+02         8.761125E-01
 9.485000E+02         8.761140E-01
 9.495000E+02         8.761155E-01
 9.505000E+02         8.761170E-01
 9.515000E+02         8.761185E-01
 9.525000E+02         8.761200E-01
 9.535000E+02         8.761215E-01
 9.545000E+02         8.761229E-01
 9.555000E+02         8.761243E-01
 9.565000E+02         8.761257E-01
 9.575000E+02         8.761271E-01
 9.585000E+02         8.761285E-01
 9.595000E+02         8.761299E-01
 9.605000E+02         8.761312E-01
 9.615000E+02         8.761326E-01
 9.625000E+02         8.761339E-01
 9.635000E+02         8.761352E-01
 9.645000E+02         8.761365E-01
 9.655000E+02         8.761377E-01
 9.665000E+02         8.761390E-01
 9.675000E+02         8.761402E-01
 9.685000E+02         8.761415E-01
 9.695000E+02         8.761427E-01
 9.705000E+02         8.761439E-01
 9.715000E+02         8.761451E-01
 9.725000E+02         8.761462E-01
 9.735000E+02         8.761474E-01
 9.745000E+02         8.761485E-01
 9.755000E+02         8.761497E-01
 9.765000E+02         8.761508E-01
 9.775000E+02         8.761519E-01
 9.785000E+02         8.761530E-01
 9.795000E+02         8.761540E-01
 9.805000E+02         8.761551E-01
 9.815000E+02         8.761561E-01
 9.825000E+02         8.761572E-01
 9.835000E+02         8.761582E-01
 9.845000E+02         8.761592E-01
 9.855000E+02         8.761602E-01
 9.865000E+02         8.761612E-01
 9.875000E+02         8.761621E-01
 9.885000E+02         8.761631E-01
 9.895000E+02         8.761640E-01
 9.905000E+02         8.761650E-01
 9.915000E+02         8.761659E-01
 9.925000E+02         8.761668E-01
 9.935000E+02         8.761677E-01
 9.945000E+02         8.761685E-01
 9.955000E+02         8.761694E-01
 9.965000E+02         8.761702E-01
 9.975000E+02         8.761711E-01
 9.985000E+02         8.761719E-01
 9.995000E+02         8.761727E-01
 1.000500E+03         8.761735E-01
 1.001500E+03         8.761743E-01
 1.002500E+03         8.761751E-01
 1.003500E+03         8.761758E-01
 1.004500E+03         8.761766E-01
 1.005500E+03         8.761773E-01
 1.006500E+03         8.761781E-01
 1.007500E+03         8.761788E-01
 1.008500E+03         8.761795E-01
 1.009500E+03         8.761802E-01
 1.010500E+03         8.761809E-01
 1.011500E+03         8.761815E-01
 1.012500E+03         8.761822E-01
 1.013500E+03         8.761828E-01
 1.014500E+03         8.761835E-01
 1.015500E+03         8.761841E-01
 1.016500E+03         8.761847E-01
 1.017500E+03         8.761853E-01
 1.018500E+03         8.761859E-01
 1.019500E+03         8.761865E-01
 1.020500E+03         8.761870E-01
 1.021500E+03         8.761876E-01
 1.022500E+03         8.761881E-01
 1.023500E+03         8.761887E-01
 1.024500E+03         8.761892E-01
 1.025500E+03         8.761897E-01
 1.026500E+03         8.761902E-01
 1.027500E+03         8.761907E-01
 1.028500E+03         8.761912E-01
 1.029500E+03         8.761917E-01
 1.030500E+03         8.761921E-01
 1.031500E+03         8.761926E-01
 1.032500E+03         8.761930E-01
 1.033500E+03         8.761934E-01
 1.034500E+03         8.761939E-01
 1.035500E+03         8.761943E-01
 1.036500E+03         8.761947E-01
 1.037500E+03         8.761951E-01
 1.038500E+03         8.761954E-01
 1.039500E+03         8.761958E-01
 1.040500E+03         8.761962E-01
 1.041500E+03         8.761965E-01
 1.042500E+03         8.761969E-01
 1.043500E+03         8.761972E-01
 1.044500E+03         8.761975E-01
 1.045500E+03         8.761978E-01
 1.046500E+03         8.761981E-01
 1.047500E+03         8.761984E-01
 1.048500E+03         8.761987E-01
 1.049500E+03         8.761990E-01
 1.050500E+03         8.761992E-01
 1.051500E+03         8.761995E-01
 1.052500E+03         8.761997E-01
 1.053500E+03         8.762000E-01
 1.054500E+03         8.762002E-01
 1.055500E+03         8.762004E-01
 1.056500E+03         8.762006E-01
 1.057500E+03         8.762008E-01
 1.058500E+03         8.762010E-01
 1.059500E+03         8.762012E-01
 1.060500E+03         8.762014E-01
 1.061500E+03         8.762015E-01
 1.062500E+03         8.762017E-01
 1.063500E+03         8.762018E-01
 1.064500E+03         8.762020E-01
 1.065500E+03         8.762021E-01
 1.066500E+03         8.762022E-01
 1.067500E+03         8.762023E-01
 1.068500E+03         8.762024E-01
 1.069500E+03         8.762025E-01
 1.070500E+03         8.762026E-01
 1.071500E+03         8.762027E-01
 1.072500E+03         8.762027E-01
 1.073500E+03         8.762028E-01
 1.074500E+03         8.762029E-01
 1.075500E+03         8.762029E-01
 1.076500E+03         8.762029E-01
 1.077500E+03         8.762030E-01
 1.078500E+03         8.762030E-01
 1.079500E+03         8.762030E-01
 1.080500E+03         8.762030E-01
 1.081500E+03         8.762030E-01
 1.082500E+03         8.762030E-01
 1.083500E+03         8.762030E-01
 1.084500E+03         8.762029E-01
 1.085500E+03         8.762029E-01
 1.086500E+03         8.762029E-01
 1.087500E+03         8.762028E-01
 1.088500E+03         8.762028E-01
 1.089500E+03         8.762027E-01
 1.090500E+03         8.762026E-01
 1.091500E+03         8.762025E-01
 1.092500E+03         8.762024E-01
 1.093500E+03         8.762023E-01
 1.094500E+03         8.762022E-01
 1.095500E+03         8.762021E-01
 1.096500E+03         8.762020E-01
 1.097500E+03         8.762019E-01
 1.098500E+03         8.762018E-01
 1.099500E+03         8.762016E-01
 1.100500E+03         8.762015E-01
 1.101500E+03         8.762013E-01
 1.102500E+03         8.762012E-01
 1.103500E+03         8.762010E-01
 1.104500E+03         8.762008E-01
 1.105500E+03         8.762006E-01
 1.106500E+03         8.762004E-01
 1.107500E+03         8.762003E-01
 1.108500E+03         8.762001E-01
 1.109500E+03         8.761998E-01
 1.110500E+03         8.761996E-01
 1.111500E+03         8.761994E-01
 1.112500E+03         8.761992E-01
 1.113500E+03         8.761989E-01
 1.114500E+03         8.761987E-01
 1.115500E+03         8.761984E-01
 1.116500E+03         8.761982E-01
 1.117500E+03         8.761979E-01
 1.118500E+03         8.761977E-01
 1.119500E+03         8.761974E-01
 1.120500E+03         8.761971E-01
 1.121500E+03         8.761968E-01
 1.122500E+03         8.761965E-01
 1.123500E+03         8.761962E-01
 1.124500E+03         8.761959E-01
 1.125500E+03         8.761956E-01
 1.126500E+03         8.761953E-01
 1.127500E+03         8.761950E-01
 1.128500E+03         8.761946E-01
 1.129500E+03         8.761943E-01
 1.130500E+03         8.761939E-01
 1.131500E+03         8.761936E-01
 1.132500E+03         8.761932E-01
 1.133500E+03         8.761929E-01
 1.134500E+03         8.761925E-01
 1.135500E+03         8.761921E-01
 1.136500E+03         8.761917E-01
 1.137500E+03         8.761914E-01
 1.138500E+03         8.761910E-01
 1.139500E+03         8.761906E-01
 1.140500E+03         8.761902E-01
 1.141500E+03         8.761898E-01
 1.142500E+03         8.761893E-01
 1.143500E+03         8.761889E-01
 1.144500E+03         8.761885E-01
 1.145500E+03         8.761881E-01
 1.146500E+03         8.761876E-01
 1.147500E+03         8.761872E-01
 1.148500E+03         8.761867E-01
 1.149500E+03         8.761863E-01
 1.150500E+03         8.761858E-01
 1.151500E+03         8.761854E-01
 1.152500E+03         8.761849E-01
 1.153500E+03         8.761844E-01
 1.154500E+03         8.761839E-01
 1.155500E+03         8.761834E-01
 1.156500E+03         8.761830E-01
 1.157500E+03         8.761825E-01
 1.158500E+03         8.761820E-01
 1.159500E+03         8.761815E-01
 1.160500E+03         8.761809E-01
 1.161500E+03         8.761804E-01
 1.162500E+03         8.761799E-01
 1.163500E+03         8.761794E-01
 1.164500E+03         8.761788E-01
 1.165500E+03         8.761783E-01
 1.166500E+03         8.761778E-01
 1.167500E+03         8.761772E-01
 1.168500E+03         8.761767E-01
 1.169500E+03         8.761761E-01
 1.170500E+03         8.761755E-01
 1.171500E+03         8.761750E-01
 1.172500E+03         8.761744E-01
 1.173500E+03         8.761738E-01
 1.174500E+03         8.761732E-01
 1.175500E+03         8.761727E-01
 1.176500E+03         8.761721E-01
 1.177500E+03         8.761715E-01
 1.178500E+03         8.761709E-01
 1.179500E+03         8.761703E-01
 1.180500E+03         8.761697E-01
 1.181500E+03         8.761690E-01
 1.182500E+03         8.761684E-01
 1.183500E+03         8.761678E-01
 1.184500E+03         8.761672E-01
 1.185500E+03         8.761665E-01
 1.186500E+03         8.761659E-01
 1.187500E+03         8.761653E-01
 1.188500E+03         8.761646E-01
 1.189500E+03         8.761640E-01
 1.190500E+03         8.761633E-01
 1.191500E+03         8.761626E-01
 1.192500E+03         8.761620E-01
 1.193500E+03         8.761613E-01
 1.194500E+03         8.761606E-01
 1.195500E+03         8.761600E-01
 1.196500E+03         8.761593E-01
 1.197500E+03         8.761586E-01
 1.198500E+03         8.761579E-01
 1.199500E+03         8.761572E-01
 1.200500E+03         8.761565E-01
 1.201500E+03         8.761558E-01
 1.202500E+03         8.761551E-01
 1.203500E+03         8.761544E-01
 1.204500E+03         8.761537E-01
 1.205500E+03         8.761530E-01
 1.206500E+03         8.761523E-01
 1.207500E+03         8.761515E-01
 1.208500E+03         8.761508E-01
 1.209500E+03         8.761501E-01
 1.210500E+03         8.761493E-01
 1.211500E+03         8.761486E-01
 1.212500E+03         8.761478E-01
 1.213500E+03         8.761471E-01
 1.214500E+03         8.761463E-01
 1.215500E+03         8.761456E-01
 1.216500E+03         8.761448E-01
 1.217500E+03         8.761441E-01
 1.218500E+03         8.761433E-01
 1.219500E+03         8.761425E-01
 1.220500E+03         8.761417E-01
 1.221500E+03         8.761410E-01
 1.222500E+03         8.761402E-01
 1.223500E+03         8.761394E-01
 1.224500E+03         8.761386E-01
 1.225500E+03         8.761378E-01
 1.226500E+03         8.761370E-01
 1.227500E+03         8.761362E-01
 1.228500E+03         8.761354E-01
 1.229500E+03         8.761346E-01
 1.230500E+03         8.761338E-01
 1.231500E+03         8.761330E-01
 1.232500E+03         8.761322E-01
 1.233500E+03         8.761313E-01
 1.234500E+03         8.761305E-01
 1.235500E+03         8.761297E-01
 1.236500E+03         8.761288E-01
 1.237500E+03         8.761280E-01
 1.238500E+03         8.761272E-01
 1.239500E+03         8.761263E-01
 1.240500E+03         8.761255E-01
 1.241500E+03         8.761246E-01
 1.242500E+03         8.761238E-01
 1.243500E+03         8.761229E-01
 1.244500E+03         8.761221E-01
 1.245500E+03         8.761212E-01
 1.246500E+03         8.761203E-01
 1.247500E+03         8.761195E-01
 1.248500E+03         8.761186E-01
 1.249500E+03         8.761177E-01
 1.250500E+03         8.761168E-01
 1.251500E+03         8.761160E-01
 1.252500E+03         8.761151E-01
 1.253500E+03         8.761142E-01
 1.254500E+03         8.761133E-01
 1.255500E+03         8.761124E-01
 1.256500E+03         8.761115E-01
 1.257500E+03         8.761106E-01
 1.258500E+03         8.761097E-01
 1.259500E+03         8.761088E-01
 1.260500E+03         8.761079E-01
 1.261500E+03         8.761070E-01
 1.262500E+03         8.761061E-01
 1.263500E+03         8.761052E-01
 1.264500E+03         8.761042E-01
 1.265500E+03         8.761033E-01
 1.266500E+03         8.761024E-01
 1.267500E+03         8.761015E-01
 1.268500E+03         8.761005E-01
 1.269500E+03         8.760996E-01
 1.270500E+03         8.760987E-01
 1.271500E+03         8.760977E-01
 1.272500E+03         8.760968E-01
 1.273500E+03         8.760958E-01
 1.274500E+03         8.760949E-01
 1.275500E+03         8.760939E-01
 1.276500E+03         8.760930E-01
 1.277500E+03         8.760920E-01
 1.278500E+03         8.760911E-01
 1.279500E+03         8.760901E-01
 1.280500E+03         8.760891E-01
 1.281500E+03         8.760882E-01
 1.282500E+03         8.760872E-01
 1.283500E+03         8.760862E-01
 1.284500E+03         8.760853E-01
 1.285500E+03         8.760843E-01
 1.286500E+03         8.760833E-01
 1.287500E+03         8.760823E-01
 1.288500E+03         8.760813E-01
 1.289500E+03         8.760804E-01
 1.290500E+03         8.760794E-01
 1.291500E+03         8.760784E-01
 1.292500E+03         8.760774E-01
 1.293500E+03         8.760764E-01
 1.294500E+03         8.760754E-01
 1.295500E+03         8.760744E-01
 1.296500E+03         8.760734E-01
 1.297500E+03         8.760724E-01
 1.298500E+03         8.760714E-01
 1.299500E+03         8.760704E-01
 1.300500E+03         8.760693E-01
 1.301500E+03         8.760683E-01
 1.302500E+03         8.760673E-01
 1.303500E+03         8.760663E-01
 1.304500E+03         8.760653E-01
 1.305500E+03         8.760642E-01
 1.306500E+03         8.760632E-01
 1.307500E+03         8.760622E-01
 1.308500E+03         8.760611E-01
 1.309500E+03         8.760601E-01
 1.310500E+03         8.760591E-01
 1.311500E+03         8.760580E-01
 1.312500E+03         8.760570E-01
 1.313500E+03         8.760560E-01
 1.314500E+03         8.760549E-01
 1.315500E+03         8.760539E-01
 1.316500E+03         8.760528E-01
 1.317500E+03         8.760518E-01
 1.318500E+03         8.760507E-01
 1.319500E+03         8.760497E-01
 1.320500E+03         8.760486E-01
 1.321500E+03         8.760475E-01
 1.322500E+03         8.760465E-01
 1.323500E+03         8.760454E-01
 1.324500E+03         8.760444E-01
 1.325500E+03         8.760433E-01
 1.326500E+03         8.760422E-01
 1.327500E+03         8.760411E-01
 1.328500E+03         8.760401E-01
 1.329500E+03         8.760390E-01
 1.330500E+03         8.760379E-01
 1.331500E+03         8.760368E-01
 1.332500E+03         8.760358E-01
 1.333500E+03         8.760347E-01
 1.334500E+03         8.760336E-01
 1.335500E+03         8.760325E-01
 1.336500E+03         8.760314E-01
 1.337500E+03         8.760303E-01
 1.338500E+03         8.760292E-01
 1.339500E+03         8.760281E-01
 1.340500E+03         8.760270E-01
 1.341500E+03         8.760259E-01
 1.342500E+03         8.760248E-01
 1.343500E+03         8.760237E-01
 1.344500E+03         8.760226E-01
 1.345500E+03         8.760215E-01
 1.346500E+03         8.760204E-01
 1.347500E+03         8.760193E-01
 1.348500E+03         8.760182E-01
 1.349500E+03         8.760171E-01
 1.350500E+03         8.760160E-01
 1.351500E+03         8.760149E-01
 1.352500E+03         8.760137E-01
 1.353500E+03         8.760126E-01
 1.354500E+03         8.760115E-01
 1.355500E+03         8.760104E-01
 1.356500E+03         8.760093E-01
 1.357500E+03         8.760081E-01
 1.358500E+03         8.760070E-01
 1.359500E+03         8.760059E-01
 1.360500E+03         8.760047E-01
 1.361500E+03         8.760036E-01
 1.362500E+03         8.760025E-01
 1.363500E+03         8.760013E-01
 1.364500E+03         8.760002E-01
 1.365500E+03         8.759991E-01
 1.366500E+03         8.759979E-01
 1.367500E+03         8.759968E-01
 1.368500E+03         8.759956E-01
 1.369500E+03         8.759945E-01
 1.370500E+03         8.759934E-01
 1.371500E+03         8.759922E-01
 1.372500E+03         8.759911E-01
 1.373500E+03         8.759899E-01
 1.374500E+03         8.759888E-01
 1.375500E+03         8.759876E-01
 1.376500E+03         8.759864E-01
 1.377500E+03         8.759853E-01
 1.378500E+03         8.759841E-01
 1.379500E+03         8.759830E-01
 1.380500E+03         8.759818E-01
 1.381500E+03         8.759807E-01
 1.382500E+03         8.759795E-01
 1.383500E+03         8.759783E-01
 1.384500E+03         8.759772E-01
 1.385500E+03         8.759760E-01
 1.386500E+03         8.759748E-01
 1.387500E+03         8.759736E-01
 1.388500E+03         8.759725E-01
 1.389500E+03         8.759713E-01
 1.390500E+03         8.759701E-01
 1.391500E+03         8.759690E-01
 1.392500E+03         8.759678E-01
 1.393500E+03         8.759666E-01
 1.394500E+03         8.759654E-01
 1.395500E+03         8.759642E-01
 1.396500E+03         8.759631E-01
 1.397500E+03         8.759619E-01
 1.398500E+03         8.759607E-01
 1.399500E+03         8.759595E-01
 1.400500E+03         8.759583E-01
 1.401500E+03         8.759571E-01
 1.402500E+03         8.759559E-01
 1.403500E+03         8.759547E-01
 1.404500E+03         8.759536E-01
 1.405500E+03         8.759524E-01
 1.406500E+03         8.759512E-01
 1.407500E+03         8.759500E-01
 1.408500E+03         8.759488E-01
 1.409500E+03         8.759476E-01
 1.410500E+03         8.759464E-01
 1.411500E+03         8.759452E-01
 1.412500E+03         8.759440E-01
 1.413500E+03         8.759428E-01
 1.414500E+03         8.759416E-01
 1.415500E+03         8.759404E-01
 1.416500E+03         8.759392E-01
 1.417500E+03         8.759380E-01
 1.418500E+03         8.759368E-01
 1.419500E+03         8.759355E-01
 1.420500E+03         8.759343E-01
 1.421500E+03         8.759331E-01
 1.422500E+03         8.759319E-01
 1.423500E+03         8.759307E-01
 1.424500E+03         8.759295E-01
 1.425500E+03         8.759283E-01
 1.426500E+03         8.759271E-01
 1.427500E+03         8.759258E-01
 1.428500E+03         8.759246E-01
 1.429500E+03         8.759234E-01
 1.430500E+03         8.759222E-01
 1.431500E+03         8.759210E-01
 1.432500E+03         8.759197E-01
 1.433500E+03         8.759185E-01
 1.434500E+03         8.759173E-01
 1.435500E+03         8.759161E-01
 1.436500E+03         8.759148E-01
 1.437500E+03         8.759136E-01
 1.438500E+03         8.759124E-01
 1.439500E+03         8.759112E-01
 1.440500E+03         8.759099E-01
 1.441500E+03         8.759087E-01
 1.442500E+03         8.759075E-01
 1.443500E+03         8.759062E-01
 1.444500E+03         8.759050E-01
 1.445500E+03         8.759038E-01
 1.446500E+03         8.759025E-01
 1.447500E+03         8.759013E-01
 1.448500E+03         8.759001E-01
 1.449500E+03         8.758988E-01
 1.450500E+03         8.758976E-01
 1.451500E+03         8.758963E-01
 1.452500E+03         8.758951E-01
 1.453500E+03         8.758939E-01
 1.454500E+03         8.758926E-01
 1.455500E+03         8.758914E-01
 1.456500E+03         8.758901E-01
 1.457500E+03         8.758889E-01
 1.458500E+03         8.758876E-01
 1.459500E+03         8.758864E-01
 1.460500E+03         8.758851E-01
 1.461500E+03         8.758839E-01
 1.462500E+03         8.758827E-01
 1.463500E+03         8.758814E-01
 1.464500E+03         8.758802E-01
 1.465500E+03         8.758789E-01
 1.466500E+03         8.758777E-01
 1.467500E+03         8.758764E-01
 1.468500E+03         8.758752E-01
 1.469500E+03         8.758739E-01
 1.470500E+03         8.758726E-01
 1.471500E+03         8.758714E-01
 1.472500E+03         8.758701E-01
 1.473500E+03         8.758689E-01
 1.474500E+03         8.758676E-01
 1.475500E+03         8.758664E-01
 1.476500E+03         8.758651E-01
 1.477500E+03         8.758638E-01
 1.478500E+03         8.758626E-01
 1.479500E+03         8.758613E-01
 1.480500E+03         8.758601E-01
 1.481500E+03         8.758588E-01
 1.482500E+03         8.758575E-01
 1.483500E+03         8.758563E-01
 1.484500E+03         8.758550E-01
 1.485500E+03         8.758538E-01
 1.486500E+03         8.758525E-01
 1.487500E+03         8.758512E-01
 1.488500E+03         8.758500E-01
 1.489500E+03         8.758487E-01
 1.490500E+03         8.758474E-01
 1.491500E+03         8.758462E-01
 1.492500E+03         8.758449E-01
 1.493500E+03         8.758436E-01
 1.494500E+03         8.758424E-01
 1.495500E+03         8.758411E-01
 1.496500E+03         8.758398E-01
 1.497500E+03         8.758385E-01
 1.498500E+03         8.758373E-01
 1.499500E+03         8.758360E-01
 1.500500E+03         8.758347E-01
 1.501500E+03         8.758334E-01
 1.502500E+03         8.758322E-01
 1.503500E+03         8.758309E-01
 1.504500E+03         8.758296E-01
 1.505500E+03         8.758284E-01
 1.506500E+03         8.758271E-01
 1.507500E+03         8.758258E-01
 1.508500E+03         8.758245E-01
 1.509500E+03         8.758232E-01
